00000000000000000000000000000000100000000000100000000000000000000000000000000100
00000000000000000000000000000000000000000001100000000000000000000000000000001100
00001110001110000000000000000000000000000001010000000000000000000000000000001010
00000000000000000000000000000000000000000000000000000000000000000000000000000000
00100001010000100000000000000000000000000000000000000000000000000000000000000000
00100001010000100000000000000000000000000000000000000000000000000000000000000000
00100001010000100000000000000000000000000000000000000000000000000000000000000000
00001110001110000000000000000000000000000000000000000000000000000000000000000000
00000000000000000000000000000000000000000000000000000000000000000000000000000000
00001110001110000000000000000000000000000000000000000000000000000000000000000000
00100001010000100000000000000000000000000000000000000000000000000000000000000000
00100001010000100000000000000000000000000000000000000000000000000000000000000000
00100001010000100000000000000000000000000000000000000000000000000000000000000000
00000000000000000000000000000000000000000000000000000000000000000000000000000000
00001110001110000000000000000000000000000000000000000000000000000000000000000000
00000000000000000000000000000000000000000000000000000000000000000000000000000000
00000000000000000000000000000000000000000000000000000000000000000000000000000000
00000000000000000000000000000000000000000000000000000000000000000000000000000000
00000000000000000000000000000000000000000000000000000000000000000000000000000000
00000000000000000000000000000000000000000000000000000000000000000000000000000000
00000000000000000000000000000000000000000000000000000000000000000000000000000000
00000000000000000000000000000000000000000000000000000000000000000000000000000000
00000000000000000000000000000000000000000101000000000000000000000000000000000000
00000000000000000000000000000000000000000011000000000000000000000000000000000000
00000000000000000000000000000000000000000001000000000000000000000000000000000000